data[0] = 3.141600
data[1] = 6.999000
data[2] = 1.250000
data[3] = 4.500000
data[4] = 9.999000
